threads time abort/time
2 dag
20170 5517878
18750 5491257
20462 5740191
19913 5535809
20438 5796391
2 blockpilot
10340 145
9695 185
9377 164
10359 165
11148 128
4 dag
13774 3049967
12946 3249816
12958 3007514
13028 3046057
13413 3076206
4 blockpilot
7117 318
6945 278
6957 292
7425 269
7201 298
8 dag
12219 2367515
12843 1898248
12096 1995473
12365 1888003
12372 1918805
8 blockpilot
7967 362
7728 349
7737 339
7926 364
7836 373
16 dag
16864 1557284
27594 1773714
20275 1604567
26096 1616821
25852 1640128
16 blockpilot
12856 388
13248 390
12254 390
15578 449
12519 396
32 dag
32338 1641667
46516 1634964
32987 1632001
62691 1655713
41650 1704431
32 blockpilot
21099 492
20969 498
21062 457
29434 597
21210 479
