dp time abort/time
00 dag
3397 162028
3363 160771
3405 158024
3242 161091
3500 177110
00 blockpilot
2939 27
3111 80
2888 9
3306 143
2957 87
20 dag
26728 1172741
16431 1190838
21803 1156856
17002 1163644
13065 1184559
20 blockpilot
10233 225
6715 436
12350 213
8969 213
9313 193
40 dag
20032 1735610
19584 1755083
23849 1760808
27510 1742110
24156 1752914
40 blockpilot
13035 438
15200 422
12835 432
13351 423
9928 455
60 dag
29310 2040619
34712 2062589
24861 2065947
25875 1955205
30461 1986193
60 blockpilot
18989 685
18471 693
18383 744
17208 701
17592 643
80 dag
44018 2116082
32029 2063158
38969 2018566
36207 1988841
31769 2009482
80 blockpilot
33017 1296
31090 1151
33369 1218
31597 1149
32352 1213
