numTrans time abort/time
1000 dag
6494 162223
6630 155136
7861 157427
6817 160695
7381 156054
1000 blockpilot
6149 137
6289 136
11968 196
8790 152
6624 136
2000 dag
14108 651146
14764 655182
10612 656519
20211 706228
11298 1060323
2000 blockpilot
9692 347
9833 286
9679 307
10163 285
9812 289
3000 dag
19892 1588866
20978 1596742
16848 1604016
20954 1615139
16883 1608293
3000 blockpilot
16252 404
13281 458
16912 450
13049 421
12662 471
4000 dag
24594 2787763
43757 2894915
21741 2852300
40974 2847493
21763 2880851
4000 blockpilot
15293 565
18847 525
19457 506
15306 499
15843 535
5000 dag
40427 4546159
29604 4571543
39660 4575302
29711 4581132
39448 5009319
5000 blockpilot
17816 687
18558 611
17662 637
18495 698
18333 639
